waalscoef <- structure(c(1.363, 3.64, 11.77, 1.505, 19.7483, 6.579, 13.04,
  12.18, 20.19, 4.692, 2.283, 9.649, 19.26, 8.779, 5.536, 0.03457,
  0.2476, 4.51, 3.716, 4.49, 8.2, 2.349, 4.225, 0.2135, 1.358,
  1.408, 5.354, 3.832, 1.378, 4.692, 4.377, 4.251, 6.803, 4.25,
  0.03219, 0.04267, 0.07685, 0.03985, 0.1281, 0.05622, 0.09213,
  0.08407, 0.1286, 0.05264, 0.04278, 0.06702, 0.146, 0.08445, 0.03049,
  0.0237, 0.02661, 0.04431, 0.04081, 0.04287, 0.01696, 0.03978,
  0.03707, 0.01709, 0.02789, 0.03913, 0.04424, 0.04415, 0.03183,
  0.05156, 0.05786, 0.05571, 0.05636, 0.05105), .Dim = c(34L, 2L
  ), .Dimnames = list(c("Ar", "CO2", "CS2", "CO", "CCl4", "Cl2",
  "C2H6S", "C2H5OH", "C6H5F", "CH3F", "CH4", "CH3OH", "C5H12",
  "C3H8", "H2O", "He", "H2", "HBr", "HCl", "H2S", "Hg", "Kr", "NH3",
  "Ne", "NO", "N2", "NO2", "N2O", "O2", "PH3", "SiH4", "SiF4",
  "SO2", "Xe"), c("a", "b"))
)
